   0.0000000000000000        103.92631333233736     
   2.0000000000000001E-004   103.41869911913939     
   4.0000000000000002E-004   102.97671191215048     
   6.0000000000000006E-004   102.59186711060103     
   8.0000000000000004E-004   102.25677704704782     
   1.0000000000000000E-003   101.96500917012689     
   1.2000000000000001E-003   101.71096256217841     
   1.4000000000000000E-003   101.48976042131491     
   1.6000000000000001E-003   101.29715644396710     
   1.8000000000000002E-003   101.12945331078132     
   2.0000000000000000E-003   100.98343171108435     
   2.2000000000000001E-003   100.85628854343437     
   2.4000000000000002E-003   100.74558310592649     
   2.6000000000000003E-003   100.64919024329500     
   2.8000000000000000E-003   100.56525955140253     
   3.0000000000000001E-003   100.49217985598483     
   3.2000000000000002E-003   100.42854828376825     
   3.4000000000000002E-003   100.37314333223398     
   3.6000000000000003E-003   100.32490142106346     
   3.8000000000000000E-003   100.28289647513466     
   4.0000000000000001E-003   100.24632214713505     
   4.2000000000000006E-003   100.21447633852729     
   4.4000000000000003E-003   100.18674772172560     
   4.5999999999999999E-003   100.16260400475466     
   4.8000000000000004E-003   100.14158171311496     
   5.0000000000000001E-003   100.12327729270133     
   5.2000000000000006E-003   100.10733936298254     
   5.4000000000000003E-003   100.09346197173062     
   5.5999999999999999E-003   100.08137872181314     
   5.8000000000000005E-003   100.07085765730490     
   6.0000000000000001E-003   100.06169681074937     
   6.2000000000000006E-003   100.05372032609337     
   6.4000000000000003E-003   100.04677508286922     
   6.6000000000000000E-003   100.04072775681983     
   6.8000000000000005E-003   100.03546226054172     
   7.0000000000000001E-003   100.03087751501484     
   7.2000000000000007E-003   100.02688550924057     
   7.4000000000000003E-003   100.02340961074010     
   7.6000000000000000E-003   100.02038309448028     
   7.8000000000000005E-003   100.01774786198723     
   8.0000000000000002E-003   100.01545332605993     
   8.2000000000000007E-003   100.01345543967405     
   8.4000000000000012E-003   100.01171585043350     
   8.6000000000000000E-003   100.01020116433975     
   8.8000000000000005E-003   100.00888230474395     
   9.0000000000000011E-003   100.00773395417774     
   9.1999999999999998E-003   100.00673406834670     
   9.4000000000000004E-003   100.00586345295757     
   9.6000000000000009E-003   100.00510539525506     
   9.7999999999999997E-003   100.00444534319594     
   1.0000000000000000E-002   100.00387062610076     
   1.0200000000000001E-002   100.00337021142147     
   1.0400000000000001E-002   100.00293449295515     
   1.0600000000000000E-002   100.00255510643883     
   1.0800000000000001E-002   100.00222476898493     
   1.1000000000000001E-002   100.00193713927561     
   1.1200000000000000E-002   100.00168669583148     
   1.1400000000000000E-002   100.00146863101870     
   1.1600000000000001E-002   100.00127875875930     
   1.1800000000000000E-002   100.00111343417335     
   1.2000000000000000E-002   100.00096948360996     
   1.2200000000000001E-002   100.00084414372427     
   1.2400000000000001E-002   100.00073500843106     
   1.2600000000000000E-002   100.00063998271636     
   1.2800000000000001E-002   100.00055724242044     
   1.3000000000000001E-002   100.00048519922044     
   1.3200000000000000E-002   100.00042247014005     
   1.3400000000000000E-002   100.00036785100149     
   1.3600000000000001E-002   100.00032029330924     
   1.3800000000000002E-002   100.00027888412278     
   1.4000000000000000E-002   100.00024282853140     
   1.4200000000000001E-002   100.00021143439449     
   1.4400000000000001E-002   100.00018409905493     
   1.4600000000000000E-002   100.00016029777021     
   1.4800000000000001E-002   100.00013957363942     
   1.5000000000000001E-002   100.00012152883207     
   1.5200000000000000E-002   100.00010581695129     
   1.5400000000000000E-002   100.00009213638418     
   1.5600000000000001E-002   100.00008022451199     
   1.5800000000000002E-002   100.00006985266863     
   1.6000000000000000E-002   100.00006082175105     
   1.6199999999999999E-002   100.00005295839749     
   1.6400000000000001E-002   100.00004611165923     
   1.6600000000000000E-002   100.00004015010293     
   1.6800000000000002E-002   100.00003495928760     
   1.7000000000000001E-002   100.00003043956788     
   1.7200000000000000E-002   100.00002650418099     
   1.7400000000000002E-002   100.00002307758140     
   1.7600000000000001E-002   100.00002009399040     
   1.7800000000000000E-002   100.00001749613352     
   1.8000000000000002E-002   100.00001523414116     
   1.8200000000000001E-002   100.00001326459099     
   1.8400000000000000E-002   100.00001154967457     
   1.8600000000000002E-002   100.00001005647147     
   1.8800000000000001E-002   100.00000875631744     
   1.9000000000000000E-002   100.00000762425404     
   1.9200000000000002E-002   100.00000663854965     
   1.9400000000000001E-002   100.00000578028229     
   1.9599999999999999E-002   100.00000503297622     
   1.9800000000000002E-002   100.00000438228577     
   2.0000000000000000E-002   100.00000381571992     
   2.0200000000000003E-002   100.00000332240259     
   2.0400000000000001E-002   100.00000289286393     
   2.0600000000000000E-002   100.00000251885825     
   2.0800000000000003E-002   100.00000219320602     
   2.1000000000000001E-002   100.00000190965582     
   2.1200000000000000E-002   100.00000166276449     
   2.1400000000000002E-002   100.00000144779257     
   2.1600000000000001E-002   100.00000126061330     
   2.1800000000000000E-002   100.00000109763349     
   2.2000000000000002E-002   100.00000095572462     
   2.2200000000000001E-002   100.00000083216247     
   2.2400000000000000E-002   100.00000072457507     
   2.2600000000000002E-002   100.00000063089711     
   2.2800000000000001E-002   100.00000054933027     
   2.3000000000000000E-002   100.00000047830891     
   2.3200000000000002E-002   100.00000041646950     
   2.3400000000000001E-002   100.00000036262503     
   2.3599999999999999E-002   100.00000031574183     
   2.3800000000000002E-002   100.00000027491998     
   2.4000000000000000E-002   100.00000023937571     
   2.4200000000000003E-002   100.00000020842685     
   2.4400000000000002E-002   100.00000018147918     
   2.4600000000000000E-002   100.00000015801544     
   2.4800000000000003E-002   100.00000013758523     
   2.5000000000000001E-002   100.00000011979643     
   2.5200000000000000E-002   100.00000010430746     
   2.5400000000000002E-002   100.00000009082098     
   2.5600000000000001E-002   100.00000007907805     
   2.5800000000000000E-002   100.00000006885331     
   2.6000000000000002E-002   100.00000005995055     
   2.6200000000000001E-002   100.00000005219879     
   2.6400000000000000E-002   100.00000004544926     
   2.6600000000000002E-002   100.00000003957230     
   2.6800000000000001E-002   100.00000003445511     
   2.7000000000000000E-002   100.00000002999947     
   2.7200000000000002E-002   100.00000002611992     
   2.7400000000000001E-002   100.00000002274190     
   2.7600000000000003E-002   100.00000001980058     
   2.7800000000000002E-002   100.00000001723956     
   2.8000000000000001E-002   100.00000001500970     
   2.8200000000000003E-002   100.00000001306807     
   2.8400000000000002E-002   100.00000001137744     
   2.8600000000000000E-002   100.00000000990542     
   2.8800000000000003E-002   100.00000000862376     
   2.9000000000000001E-002   100.00000000750784     
   2.9200000000000000E-002   100.00000000653611     
   2.9400000000000003E-002   100.00000000569004     
   2.9600000000000001E-002   100.00000000495335     
   2.9800000000000000E-002   100.00000000431187     
   3.0000000000000002E-002   100.00000000375336     
   3.0200000000000001E-002   100.00000000326703     
   3.0400000000000000E-002   100.00000000284363     
   3.0600000000000002E-002   100.00000000247491     
   3.0800000000000001E-002   100.00000000215381     
   3.1000000000000000E-002   100.00000000187421     
   3.1200000000000002E-002   100.00000000163072     
   3.1400000000000004E-002   100.00000000141875     
   3.1600000000000003E-002   100.00000000123413     
   3.1800000000000002E-002   100.00000000107343     
   3.2000000000000001E-002   100.00000000093351     
   3.2199999999999999E-002   100.00000000081167     
   3.2399999999999998E-002   100.00000000070561     
   3.2600000000000004E-002   100.00000000061330     
   3.2800000000000003E-002   100.00000000053294     
   3.3000000000000002E-002   100.00000000046299     
   3.3200000000000000E-002   100.00000000040204     
   3.3399999999999999E-002   100.00000000034898     
   3.3600000000000005E-002   100.00000000030288     
   3.3800000000000004E-002   100.00000000026267     
   3.4000000000000002E-002   100.00000000022770     
   3.4200000000000001E-002   100.00000000019719     
   3.4400000000000000E-002   100.00000000017057     
   3.4599999999999999E-002   100.00000000014734     
   3.4800000000000005E-002   100.00000000012709     
   3.5000000000000003E-002   100.00000000010945     
   3.5200000000000002E-002   100.00000000009418     
   3.5400000000000001E-002   100.00000000008086     
   3.5600000000000000E-002   100.00000000006926     
   3.5799999999999998E-002   100.00000000005925     
   3.6000000000000004E-002   100.00000000005052     
   3.6200000000000003E-002   100.00000000004287     
   3.6400000000000002E-002   100.00000000003618     
   3.6600000000000001E-002   100.00000000003030     
   3.6799999999999999E-002   100.00000000002524     
   3.7000000000000005E-002   100.00000000002083     
   3.7200000000000004E-002   100.00000000001712     
   3.7400000000000003E-002   100.00000000001386     
   3.7600000000000001E-002   100.00000000001103     
   3.7800000000000000E-002   100.00000000000850     
   3.7999999999999999E-002   100.00000000000635     
   3.8200000000000005E-002   100.00000000000438     
   3.8400000000000004E-002   100.00000000000264     
   3.8600000000000002E-002   100.00000000000122     
   3.8800000000000001E-002   99.999999999999986     
   3.9000000000000000E-002   99.999999999998892     
   3.9199999999999999E-002   99.999999999997939     
   3.9400000000000004E-002   99.999999999997101     
   3.9600000000000003E-002   99.999999999996419     
   3.9800000000000002E-002   99.999999999995822     
   4.0000000000000001E-002   99.999999999995282     
   4.0200000000000000E-002   99.999999999994770     
   4.0400000000000005E-002   99.999999999994387     
   4.0600000000000004E-002   99.999999999994060     
   4.0800000000000003E-002   99.999999999993790     
   4.1000000000000002E-002   99.999999999993577     
   4.1200000000000001E-002   99.999999999993420     
   4.1399999999999999E-002   99.999999999993321     
   4.1600000000000005E-002   99.999999999993278     
   4.1800000000000004E-002   99.999999999993278     
   4.2000000000000003E-002   99.999999999993278     
   4.2200000000000001E-002   99.999999999993278     
   4.2400000000000000E-002   99.999999999993278     
   4.2599999999999999E-002   99.999999999993278     
   4.2800000000000005E-002   99.999999999993278     
   4.3000000000000003E-002   99.999999999993278     
   4.3200000000000002E-002   99.999999999993278     
   4.3400000000000001E-002   99.999999999993278     
   4.3600000000000000E-002   99.999999999993278     
   4.3799999999999999E-002   99.999999999993278     
   4.4000000000000004E-002   99.999999999993278     
   4.4200000000000003E-002   99.999999999993278     
   4.4400000000000002E-002   99.999999999993278     
   4.4600000000000001E-002   99.999999999993278     
   4.4800000000000000E-002   99.999999999993278     
   4.5000000000000005E-002   99.999999999993278     
   4.5200000000000004E-002   99.999999999993278     
   4.5400000000000003E-002   99.999999999993278     
   4.5600000000000002E-002   99.999999999993278     
   4.5800000000000000E-002   99.999999999993278     
   4.5999999999999999E-002   99.999999999993278     
   4.6200000000000005E-002   99.999999999993278     
   4.6400000000000004E-002   99.999999999993278     
   4.6600000000000003E-002   99.999999999993278     
   4.6800000000000001E-002   99.999999999993278     
   4.7000000000000000E-002   99.999999999993278     
   4.7199999999999999E-002   99.999999999993278     
   4.7400000000000005E-002   99.999999999993278     
   4.7600000000000003E-002   99.999999999993278     
   4.7800000000000002E-002   99.999999999993278     
   4.8000000000000001E-002   99.999999999993278     
   4.8200000000000000E-002   99.999999999993278     
   4.8400000000000006E-002   99.999999999993278     
   4.8600000000000004E-002   99.999999999993278     
   4.8800000000000003E-002   99.999999999993278     
   4.9000000000000002E-002   99.999999999993278     
   4.9200000000000001E-002   99.999999999993278     
   4.9399999999999999E-002   99.999999999993278     
   4.9600000000000005E-002   99.999999999993278     
   4.9800000000000004E-002   99.999999999993278     
   5.0000000000000003E-002   99.999999999993278     
   5.0200000000000002E-002   99.999999999993278     
   5.0400000000000000E-002   99.999999999993278     
   5.0599999999999999E-002   99.999999999993278     
   5.0800000000000005E-002   99.999999999993278     
   5.1000000000000004E-002   99.999999999993278     
   5.1200000000000002E-002   99.999999999993278     
   5.1400000000000001E-002   99.999999999993278     
   5.1600000000000000E-002   99.999999999993278     
   5.1800000000000006E-002   99.999999999993278     
   5.2000000000000005E-002   99.999999999993278     
   5.2200000000000003E-002   99.999999999993278     
   5.2400000000000002E-002   99.999999999993278     
   5.2600000000000001E-002   99.999999999993278     
   5.2800000000000000E-002   99.999999999993278     
   5.3000000000000005E-002   99.999999999993278     
   5.3200000000000004E-002   99.999999999993278     
   5.3400000000000003E-002   99.999999999993278     
   5.3600000000000002E-002   99.999999999993278     
   5.3800000000000001E-002   99.999999999993278     
   5.3999999999999999E-002   99.999999999993278     
   5.4200000000000005E-002   99.999999999993278     
   5.4400000000000004E-002   99.999999999993278     
   5.4600000000000003E-002   99.999999999993278     
   5.4800000000000001E-002   99.999999999993278     
   5.5000000000000000E-002   99.999999999993278     
   5.5200000000000006E-002   99.999999999993278     
   5.5400000000000005E-002   99.999999999993278     
   5.5600000000000004E-002   99.999999999993278     
   5.5800000000000002E-002   99.999999999993278     
   5.6000000000000001E-002   99.999999999993278     
   5.6200000000000000E-002   99.999999999993278     
   5.6400000000000006E-002   99.999999999993278     
   5.6600000000000004E-002   99.999999999993278     
   5.6800000000000003E-002   99.999999999993278     
   5.7000000000000002E-002   99.999999999993278     
   5.7200000000000001E-002   99.999999999993278     
   5.7400000000000000E-002   99.999999999993278     
   5.7600000000000005E-002   99.999999999993278     
   5.7800000000000004E-002   99.999999999993278     
   5.8000000000000003E-002   99.999999999993278     
   5.8200000000000002E-002   99.999999999993278     
   5.8400000000000001E-002   99.999999999993278     
   5.8600000000000006E-002   99.999999999993278     
   5.8800000000000005E-002   99.999999999993278     
   5.9000000000000004E-002   99.999999999993278     
   5.9200000000000003E-002   99.999999999993278     
   5.9400000000000001E-002   99.999999999993278     
   5.9600000000000000E-002   99.999999999993278     
   5.9800000000000006E-002   99.999999999993278     
   6.0000000000000005E-002   99.999999999993278     
   6.0200000000000004E-002   99.999999999993278     
   6.0400000000000002E-002   99.999999999993278     
   6.0600000000000001E-002   99.999999999993278     
   6.0800000000000000E-002   99.999999999993278     
   6.1000000000000006E-002   99.999999999993278     
   6.1200000000000004E-002   99.999999999993278     
   6.1400000000000003E-002   99.999999999993278     
   6.1600000000000002E-002   99.999999999993278     
   6.1800000000000001E-002   99.999999999993278     
   6.2000000000000000E-002   99.999999999993278     
   6.2200000000000005E-002   99.999999999993278     
   6.2400000000000004E-002   99.999999999993278     
   6.2600000000000003E-002   99.999999999993278     
   6.2800000000000009E-002   99.999999999993278     
   6.3000000000000000E-002   99.999999999993278     
   6.3200000000000006E-002   99.999999999993278     
   6.3399999999999998E-002   99.999999999993278     
   6.3600000000000004E-002   99.999999999993278     
   6.3800000000000009E-002   99.999999999993278     
   6.4000000000000001E-002   99.999999999993278     
   6.4200000000000007E-002   99.999999999993278     
   6.4399999999999999E-002   99.999999999993278     
   6.4600000000000005E-002   99.999999999993278     
   6.4799999999999996E-002   99.999999999993278     
   6.5000000000000002E-002   99.999999999993278     
   6.5200000000000008E-002   99.999999999993278     
   6.5400000000000000E-002   99.999999999993278     
   6.5600000000000006E-002   99.999999999993278     
   6.5799999999999997E-002   99.999999999993278     
   6.6000000000000003E-002   99.999999999993278     
   6.6200000000000009E-002   99.999999999993278     
   6.6400000000000001E-002   99.999999999993278     
   6.6600000000000006E-002   99.999999999993278     
   6.6799999999999998E-002   99.999999999993278     
   6.7000000000000004E-002   99.999999999993278     
   6.7200000000000010E-002   99.999999999993278     
   6.7400000000000002E-002   99.999999999993278     
   6.7600000000000007E-002   99.999999999993278     
   6.7799999999999999E-002   99.999999999993278     
   6.8000000000000005E-002   99.999999999993278     
   6.8199999999999997E-002   99.999999999993278     
   6.8400000000000002E-002   99.999999999993278     
   6.8600000000000008E-002   99.999999999993278     
   6.8800000000000000E-002   99.999999999993278     
   6.9000000000000006E-002   99.999999999993278     
   6.9199999999999998E-002   99.999999999993278     
   6.9400000000000003E-002   99.999999999993278     
   6.9600000000000009E-002   99.999999999993278     
   6.9800000000000001E-002   99.999999999993278     
   7.0000000000000007E-002   99.999999999993278     
   7.0199999999999999E-002   99.999999999993278     
   7.0400000000000004E-002   99.999999999993278     
   7.0600000000000010E-002   99.999999999993278     
   7.0800000000000002E-002   99.999999999993278     
   7.1000000000000008E-002   99.999999999993278     
   7.1199999999999999E-002   99.999999999993278     
   7.1400000000000005E-002   99.999999999993278     
   7.1599999999999997E-002   99.999999999993278     
   7.1800000000000003E-002   99.999999999993278     
   7.2000000000000008E-002   99.999999999993278     
   7.2200000000000000E-002   99.999999999993278     
   7.2400000000000006E-002   99.999999999993278     
   7.2599999999999998E-002   99.999999999993278     
   7.2800000000000004E-002   99.999999999993278     
   7.3000000000000009E-002   99.999999999993278     
   7.3200000000000001E-002   99.999999999993278     
   7.3400000000000007E-002   99.999999999993278     
   7.3599999999999999E-002   99.999999999993278     
   7.3800000000000004E-002   99.999999999993278     
   7.4000000000000010E-002   99.999999999993278     
   7.4200000000000002E-002   99.999999999993278     
   7.4400000000000008E-002   99.999999999993278     
   7.4600000000000000E-002   99.999999999993278     
   7.4800000000000005E-002   99.999999999993278     
   7.4999999999999997E-002   99.999999999993278     
   7.5200000000000003E-002   99.999999999993278     
   7.5400000000000009E-002   99.999999999993278     
   7.5600000000000001E-002   99.999999999993278     
   7.5800000000000006E-002   99.999999999993278     
   7.5999999999999998E-002   99.999999999993278     
   7.6200000000000004E-002   99.999999999993278     
   7.6400000000000010E-002   99.999999999993278     
   7.6600000000000001E-002   99.999999999993278     
   7.6800000000000007E-002   99.999999999993278     
   7.6999999999999999E-002   99.999999999993278     
   7.7200000000000005E-002   99.999999999993278     
   7.7400000000000010E-002   99.999999999993278     
   7.7600000000000002E-002   99.999999999993278     
   7.7800000000000008E-002   99.999999999993278     
   7.8000000000000000E-002   99.999999999993278     
   7.8200000000000006E-002   99.999999999993278     
   7.8399999999999997E-002   99.999999999993278     
   7.8600000000000003E-002   99.999999999993278     
   7.8800000000000009E-002   99.999999999993278     
   7.9000000000000001E-002   99.999999999993278     
   7.9200000000000007E-002   99.999999999993278     
   7.9399999999999998E-002   99.999999999993278     
   7.9600000000000004E-002   99.999999999993278     
   7.9800000000000010E-002   99.999999999993278     
   8.0000000000000002E-002   99.999999999993278     
   8.0200000000000007E-002   99.999999999993278     
   8.0399999999999999E-002   99.999999999993278     
   8.0600000000000005E-002   99.999999999993278     
   8.0800000000000011E-002   99.999999999993278     
   8.1000000000000003E-002   99.999999999993278     
   8.1200000000000008E-002   99.999999999993278     
   8.1400000000000000E-002   99.999999999993278     
   8.1600000000000006E-002   99.999999999993278     
   8.1799999999999998E-002   99.999999999993278     
   8.2000000000000003E-002   99.999999999993278     
   8.2200000000000009E-002   99.999999999993278     
   8.2400000000000001E-002   99.999999999993278     
   8.2600000000000007E-002   99.999999999993278     
   8.2799999999999999E-002   99.999999999993278     
   8.3000000000000004E-002   99.999999999993278     
   8.3200000000000010E-002   99.999999999993278     
   8.3400000000000002E-002   99.999999999993278     
   8.3600000000000008E-002   99.999999999993278     
   8.3799999999999999E-002   99.999999999993278     
   8.4000000000000005E-002   99.999999999993278     
   8.4200000000000011E-002   99.999999999993278     
   8.4400000000000003E-002   99.999999999993278     
   8.4600000000000009E-002   99.999999999993278     
   8.4800000000000000E-002   99.999999999993278     
   8.5000000000000006E-002   99.999999999993278     
   8.5199999999999998E-002   99.999999999993278     
   8.5400000000000004E-002   99.999999999993278     
   8.5600000000000009E-002   99.999999999993278     
   8.5800000000000001E-002   99.999999999993278     
   8.6000000000000007E-002   99.999999999993278     
   8.6199999999999999E-002   99.999999999993278     
   8.6400000000000005E-002   99.999999999993278     
   8.6600000000000010E-002   99.999999999993278     
   8.6800000000000002E-002   99.999999999993278     
   8.7000000000000008E-002   99.999999999993278     
   8.7200000000000000E-002   99.999999999993278     
   8.7400000000000005E-002   99.999999999993278     
   8.7599999999999997E-002   99.999999999993278     
   8.7800000000000003E-002   99.999999999993278     
   8.8000000000000009E-002   99.999999999993278     
   8.8200000000000001E-002   99.999999999993278     
   8.8400000000000006E-002   99.999999999993278     
   8.8599999999999998E-002   99.999999999993278     
   8.8800000000000004E-002   99.999999999993278     
   8.9000000000000010E-002   99.999999999993278     
   8.9200000000000002E-002   99.999999999993278     
   8.9400000000000007E-002   99.999999999993278     
   8.9599999999999999E-002   99.999999999993278     
   8.9800000000000005E-002   99.999999999993278     
   9.0000000000000011E-002   99.999999999993278     
   9.0200000000000002E-002   99.999999999993278     
   9.0400000000000008E-002   99.999999999993278     
   9.0600000000000000E-002   99.999999999993278     
   9.0800000000000006E-002   99.999999999993278     
   9.0999999999999998E-002   99.999999999993278     
   9.1200000000000003E-002   99.999999999993278     
   9.1400000000000009E-002   99.999999999993278     
   9.1600000000000001E-002   99.999999999993278     
   9.1800000000000007E-002   99.999999999993278     
   9.1999999999999998E-002   99.999999999993278     
   9.2200000000000004E-002   99.999999999993278     
   9.2400000000000010E-002   99.999999999993278     
   9.2600000000000002E-002   99.999999999993278     
   9.2800000000000007E-002   99.999999999993278     
   9.2999999999999999E-002   99.999999999993278     
   9.3200000000000005E-002   99.999999999993278     
   9.3400000000000011E-002   99.999999999993278     
   9.3600000000000003E-002   99.999999999993278     
   9.3800000000000008E-002   99.999999999993278     
   9.4000000000000000E-002   99.999999999993278     
   9.4200000000000006E-002   99.999999999993278     
   9.4399999999999998E-002   99.999999999993278     
   9.4600000000000004E-002   99.999999999993278     
   9.4800000000000009E-002   99.999999999993278     
   9.5000000000000001E-002   99.999999999993278     
   9.5200000000000007E-002   99.999999999993278     
   9.5399999999999999E-002   99.999999999993278     
   9.5600000000000004E-002   99.999999999993278     
   9.5800000000000010E-002   99.999999999993278     
   9.6000000000000002E-002   99.999999999993278     
   9.6200000000000008E-002   99.999999999993278     
   9.6400000000000000E-002   99.999999999993278     
   9.6600000000000005E-002   99.999999999993278     
   9.6800000000000011E-002   99.999999999993278     
   9.7000000000000003E-002   99.999999999993278     
   9.7200000000000009E-002   99.999999999993278     
   9.7400000000000000E-002   99.999999999993278     
   9.7600000000000006E-002   99.999999999993278     
   9.7799999999999998E-002   99.999999999993278     
   9.8000000000000004E-002   99.999999999993278     
   9.8200000000000010E-002   99.999999999993278     
   9.8400000000000001E-002   99.999999999993278     
   9.8600000000000007E-002   99.999999999993278     
   9.8799999999999999E-002   99.999999999993278     
   9.9000000000000005E-002   99.999999999993278     
   9.9200000000000010E-002   99.999999999993278     
   9.9400000000000002E-002   99.999999999993278     
   9.9600000000000008E-002   99.999999999993278     
   9.9800000000000000E-002   99.999999999993278     
  0.10000000000000001        99.999999999993278     
  0.10020000000000001        99.999999999993278     
  0.10040000000000000        99.999999999993278     
  0.10060000000000001        99.999999999993278     
  0.10080000000000000        99.999999999993278     
  0.10100000000000001        99.999999999993278     
  0.10120000000000000        99.999999999993278     
  0.10140000000000000        99.999999999993278     
  0.10160000000000001        99.999999999993278     
  0.10180000000000000        99.999999999993278     
  0.10200000000000001        99.999999999993278     
  0.10220000000000000        99.999999999993278     
  0.10240000000000000        99.999999999993278     
  0.10260000000000001        99.999999999993278     
  0.10280000000000000        99.999999999993278     
  0.10300000000000001        99.999999999993278     
  0.10320000000000000        99.999999999993278     
  0.10340000000000001        99.999999999993278     
  0.10360000000000001        99.999999999993278     
  0.10380000000000000        99.999999999993278     
  0.10400000000000001        99.999999999993278     
  0.10420000000000000        99.999999999993278     
  0.10440000000000001        99.999999999993278     
  0.10460000000000000        99.999999999993278     
  0.10480000000000000        99.999999999993278     
  0.10500000000000001        99.999999999993278     
  0.10520000000000000        99.999999999993278     
  0.10540000000000001        99.999999999993278     
  0.10560000000000000        99.999999999993278     
  0.10580000000000001        99.999999999993278     
  0.10600000000000001        99.999999999993278     
  0.10620000000000000        99.999999999993278     
  0.10640000000000001        99.999999999993278     
  0.10660000000000000        99.999999999993278     
  0.10680000000000001        99.999999999993278     
  0.10700000000000001        99.999999999993278     
  0.10720000000000000        99.999999999993278     
  0.10740000000000001        99.999999999993278     
  0.10760000000000000        99.999999999993278     
  0.10780000000000001        99.999999999993278     
  0.10800000000000000        99.999999999993278     
  0.10820000000000000        99.999999999993278     
  0.10840000000000001        99.999999999993278     
  0.10860000000000000        99.999999999993278     
  0.10880000000000001        99.999999999993278     
  0.10900000000000000        99.999999999993278     
  0.10920000000000001        99.999999999993278     
  0.10940000000000001        99.999999999993278     
  0.10960000000000000        99.999999999993278     
  0.10980000000000001        99.999999999993278     
  0.11000000000000000        99.999999999993278     
  0.11020000000000001        99.999999999993278     
  0.11040000000000001        99.999999999993278     
  0.11060000000000000        99.999999999993278     
  0.11080000000000001        99.999999999993278     
  0.11100000000000000        99.999999999993278     
  0.11120000000000001        99.999999999993278     
  0.11140000000000000        99.999999999993278     
  0.11160000000000000        99.999999999993278     
  0.11180000000000001        99.999999999993278     
  0.11200000000000000        99.999999999993278     
  0.11220000000000001        99.999999999993278     
  0.11240000000000000        99.999999999993278     
  0.11260000000000001        99.999999999993278     
  0.11280000000000001        99.999999999993278     
  0.11300000000000000        99.999999999993278     
  0.11320000000000001        99.999999999993278     
  0.11340000000000000        99.999999999993278     
  0.11360000000000001        99.999999999993278     
  0.11380000000000001        99.999999999993278     
  0.11400000000000000        99.999999999993278     
  0.11420000000000001        99.999999999993278     
  0.11440000000000000        99.999999999993278     
  0.11460000000000001        99.999999999993278     
  0.11480000000000000        99.999999999993278     
  0.11500000000000000        99.999999999993278     
  0.11520000000000001        99.999999999993278     
  0.11540000000000000        99.999999999993278     
  0.11560000000000001        99.999999999993278     
  0.11580000000000000        99.999999999993278     
  0.11600000000000001        99.999999999993278     
  0.11620000000000001        99.999999999993278     
  0.11640000000000000        99.999999999993278     
  0.11660000000000001        99.999999999993278     
  0.11680000000000000        99.999999999993278     
  0.11700000000000001        99.999999999993278     
  0.11720000000000001        99.999999999993278     
  0.11740000000000000        99.999999999993278     
  0.11760000000000001        99.999999999993278     
  0.11780000000000000        99.999999999993278     
  0.11800000000000001        99.999999999993278     
  0.11820000000000000        99.999999999993278     
  0.11840000000000001        99.999999999993278     
  0.11860000000000001        99.999999999993278     
  0.11880000000000000        99.999999999993278     
  0.11900000000000001        99.999999999993278     
  0.11920000000000000        99.999999999993278     
  0.11940000000000001        99.999999999993278     
  0.11960000000000001        99.999999999993278     
  0.11980000000000000        99.999999999993278     
  0.12000000000000001        99.999999999993278     
  0.12020000000000000        99.999999999993278     
  0.12040000000000001        99.999999999993278     
  0.12060000000000000        99.999999999993278     
  0.12080000000000000        99.999999999993278     
  0.12100000000000001        99.999999999993278     
  0.12120000000000000        99.999999999993278     
  0.12140000000000001        99.999999999993278     
  0.12160000000000000        99.999999999993278     
  0.12180000000000001        99.999999999993278     
  0.12200000000000001        99.999999999993278     
  0.12220000000000000        99.999999999993278     
  0.12240000000000001        99.999999999993278     
  0.12260000000000000        99.999999999993278     
  0.12280000000000001        99.999999999993278     
  0.12300000000000001        99.999999999993278     
  0.12320000000000000        99.999999999993278     
  0.12340000000000001        99.999999999993278     
  0.12360000000000000        99.999999999993278     
  0.12380000000000001        99.999999999993278     
  0.12400000000000000        99.999999999993278     
  0.12420000000000000        99.999999999993278     
  0.12440000000000001        99.999999999993278     
  0.12460000000000000        99.999999999993278     
  0.12480000000000001        99.999999999993278     
  0.12500000000000000        99.999999999993278     
  0.12520000000000001        99.999999999993278     
  0.12540000000000001        99.999999999993278     
  0.12560000000000002        99.999999999993278     
  0.12580000000000000        99.999999999993278     
  0.12600000000000000        99.999999999993278     
  0.12620000000000001        99.999999999993278     
  0.12640000000000001        99.999999999993278     
  0.12660000000000002        99.999999999993278     
  0.12680000000000000        99.999999999993278     
  0.12700000000000000        99.999999999993278     
  0.12720000000000001        99.999999999993278     
  0.12740000000000001        99.999999999993278     
  0.12760000000000002        99.999999999993278     
  0.12780000000000000        99.999999999993278     
  0.12800000000000000        99.999999999993278     
  0.12820000000000001        99.999999999993278     
  0.12840000000000001        99.999999999993278     
  0.12860000000000002        99.999999999993278     
  0.12880000000000000        99.999999999993278     
  0.12900000000000000        99.999999999993278     
  0.12920000000000001        99.999999999993278     
  0.12940000000000002        99.999999999993278     
  0.12959999999999999        99.999999999993278     
  0.12980000000000000        99.999999999993278     
  0.13000000000000000        99.999999999993278     
  0.13020000000000001        99.999999999993278     
  0.13040000000000002        99.999999999993278     
  0.13059999999999999        99.999999999993278     
  0.13080000000000000        99.999999999993278     
  0.13100000000000001        99.999999999993278     
  0.13120000000000001        99.999999999993278     
  0.13140000000000002        99.999999999993278     
  0.13159999999999999        99.999999999993278     
  0.13180000000000000        99.999999999993278     
  0.13200000000000001        99.999999999993278     
  0.13220000000000001        99.999999999993278     
  0.13240000000000002        99.999999999993278     
  0.13260000000000000        99.999999999993278     
  0.13280000000000000        99.999999999993278     
  0.13300000000000001        99.999999999993278     
  0.13320000000000001        99.999999999993278     
  0.13340000000000002        99.999999999993278     
  0.13360000000000000        99.999999999993278     
  0.13380000000000000        99.999999999993278     
  0.13400000000000001        99.999999999993278     
  0.13420000000000001        99.999999999993278     
  0.13440000000000002        99.999999999993278     
  0.13460000000000000        99.999999999993278     
  0.13480000000000000        99.999999999993278     
  0.13500000000000001        99.999999999993278     
  0.13520000000000001        99.999999999993278     
  0.13540000000000002        99.999999999993278     
  0.13560000000000000        99.999999999993278     
  0.13580000000000000        99.999999999993278     
  0.13600000000000001        99.999999999993278     
  0.13620000000000002        99.999999999993278     
  0.13639999999999999        99.999999999993278     
  0.13660000000000000        99.999999999993278     
  0.13680000000000000        99.999999999993278     
  0.13700000000000001        99.999999999993278     
  0.13720000000000002        99.999999999993278     
  0.13739999999999999        99.999999999993278     
  0.13760000000000000        99.999999999993278     
  0.13780000000000001        99.999999999993278     
  0.13800000000000001        99.999999999993278     
  0.13820000000000002        99.999999999993278     
  0.13840000000000000        99.999999999993278     
  0.13860000000000000        99.999999999993278     
  0.13880000000000001        99.999999999993278     
  0.13900000000000001        99.999999999993278     
  0.13920000000000002        99.999999999993278     
  0.13940000000000000        99.999999999993278     
  0.13960000000000000        99.999999999993278     
  0.13980000000000001        99.999999999993278     
  0.14000000000000001        99.999999999993278     
  0.14020000000000002        99.999999999993278     
  0.14040000000000000        99.999999999993278     
  0.14060000000000000        99.999999999993278     
  0.14080000000000001        99.999999999993278     
  0.14100000000000001        99.999999999993278     
  0.14120000000000002        99.999999999993278     
  0.14140000000000000        99.999999999993278     
  0.14160000000000000        99.999999999993278     
  0.14180000000000001        99.999999999993278     
  0.14200000000000002        99.999999999993278     
  0.14219999999999999        99.999999999993278     
  0.14240000000000000        99.999999999993278     
  0.14260000000000000        99.999999999993278     
  0.14280000000000001        99.999999999993278     
  0.14300000000000002        99.999999999993278     
  0.14319999999999999        99.999999999993278     
  0.14340000000000000        99.999999999993278     
  0.14360000000000001        99.999999999993278     
  0.14380000000000001        99.999999999993278     
  0.14400000000000002        99.999999999993278     
  0.14419999999999999        99.999999999993278     
  0.14440000000000000        99.999999999993278     
  0.14460000000000001        99.999999999993278     
  0.14480000000000001        99.999999999993278     
  0.14500000000000002        99.999999999993278     
  0.14520000000000000        99.999999999993278     
  0.14540000000000000        99.999999999993278     
  0.14560000000000001        99.999999999993278     
  0.14580000000000001        99.999999999993278     
  0.14600000000000002        99.999999999993278     
  0.14620000000000000        99.999999999993278     
  0.14640000000000000        99.999999999993278     
  0.14660000000000001        99.999999999993278     
  0.14680000000000001        99.999999999993278     
  0.14700000000000002        99.999999999993278     
  0.14720000000000000        99.999999999993278     
  0.14740000000000000        99.999999999993278     
  0.14760000000000001        99.999999999993278     
  0.14780000000000001        99.999999999993278     
  0.14800000000000002        99.999999999993278     
  0.14820000000000000        99.999999999993278     
  0.14840000000000000        99.999999999993278     
  0.14860000000000001        99.999999999993278     
  0.14880000000000002        99.999999999993278     
  0.14899999999999999        99.999999999993278     
  0.14920000000000000        99.999999999993278     
  0.14940000000000001        99.999999999993278     
  0.14960000000000001        99.999999999993278     
  0.14980000000000002        99.999999999993278     
  0.14999999999999999        99.999999999993278     
  0.15020000000000000        99.999999999993278     
  0.15040000000000001        99.999999999993278     
  0.15060000000000001        99.999999999993278     
  0.15080000000000002        99.999999999993278     
  0.15100000000000000        99.999999999993278     
  0.15120000000000000        99.999999999993278     
  0.15140000000000001        99.999999999993278     
  0.15160000000000001        99.999999999993278     
  0.15180000000000002        99.999999999993278     
  0.15200000000000000        99.999999999993278     
  0.15220000000000000        99.999999999993278     
  0.15240000000000001        99.999999999993278     
  0.15260000000000001        99.999999999993278     
  0.15280000000000002        99.999999999993278     
  0.15300000000000000        99.999999999993278     
  0.15320000000000000        99.999999999993278     
  0.15340000000000001        99.999999999993278     
  0.15360000000000001        99.999999999993278     
  0.15380000000000002        99.999999999993278     
  0.15400000000000000        99.999999999993278     
  0.15420000000000000        99.999999999993278     
  0.15440000000000001        99.999999999993278     
  0.15460000000000002        99.999999999993278     
  0.15480000000000002        99.999999999993278     
  0.15500000000000000        99.999999999993278     
  0.15520000000000000        99.999999999993278     
  0.15540000000000001        99.999999999993278     
  0.15560000000000002        99.999999999993278     
  0.15579999999999999        99.999999999993278     
  0.15600000000000000        99.999999999993278     
  0.15620000000000001        99.999999999993278     
  0.15640000000000001        99.999999999993278     
  0.15660000000000002        99.999999999993278     
  0.15679999999999999        99.999999999993278     
  0.15700000000000000        99.999999999993278     
  0.15720000000000001        99.999999999993278     
  0.15740000000000001        99.999999999993278     
  0.15760000000000002        99.999999999993278     
  0.15780000000000000        99.999999999993278     
  0.15800000000000000        99.999999999993278     
  0.15820000000000001        99.999999999993278     
  0.15840000000000001        99.999999999993278     
  0.15860000000000002        99.999999999993278     
  0.15880000000000000        99.999999999993278     
  0.15900000000000000        99.999999999993278     
  0.15920000000000001        99.999999999993278     
  0.15940000000000001        99.999999999993278     
  0.15960000000000002        99.999999999993278     
  0.15980000000000000        99.999999999993278     
  0.16000000000000000        99.999999999993278     
  0.16020000000000001        99.999999999993278     
  0.16040000000000001        99.999999999993278     
  0.16060000000000002        99.999999999993278     
  0.16080000000000000        99.999999999993278     
  0.16100000000000000        99.999999999993278     
  0.16120000000000001        99.999999999993278     
  0.16140000000000002        99.999999999993278     
  0.16160000000000002        99.999999999993278     
  0.16180000000000000        99.999999999993278     
  0.16200000000000001        99.999999999993278     
  0.16220000000000001        99.999999999993278     
  0.16240000000000002        99.999999999993278     
  0.16259999999999999        99.999999999993278     
  0.16280000000000000        99.999999999993278     
  0.16300000000000001        99.999999999993278     
  0.16320000000000001        99.999999999993278     
  0.16340000000000002        99.999999999993278     
  0.16360000000000000        99.999999999993278     
  0.16380000000000000        99.999999999993278     
  0.16400000000000001        99.999999999993278     
  0.16420000000000001        99.999999999993278     
  0.16440000000000002        99.999999999993278     
  0.16460000000000000        99.999999999993278     
  0.16480000000000000        99.999999999993278     
  0.16500000000000001        99.999999999993278     
  0.16520000000000001        99.999999999993278     
  0.16540000000000002        99.999999999993278     
  0.16560000000000000        99.999999999993278     
  0.16580000000000000        99.999999999993278     
  0.16600000000000001        99.999999999993278     
  0.16620000000000001        99.999999999993278     
  0.16640000000000002        99.999999999993278     
  0.16660000000000000        99.999999999993278     
  0.16680000000000000        99.999999999993278     
  0.16700000000000001        99.999999999993278     
  0.16720000000000002        99.999999999993278     
  0.16740000000000002        99.999999999993278     
  0.16760000000000000        99.999999999993278     
  0.16780000000000000        99.999999999993278     
  0.16800000000000001        99.999999999993278     
  0.16820000000000002        99.999999999993278     
  0.16840000000000002        99.999999999993278     
  0.16860000000000000        99.999999999993278     
  0.16880000000000001        99.999999999993278     
  0.16900000000000001        99.999999999993278     
  0.16920000000000002        99.999999999993278     
  0.16940000000000000        99.999999999993278     
  0.16960000000000000        99.999999999993278     
  0.16980000000000001        99.999999999993278     
  0.17000000000000001        99.999999999993278     
  0.17020000000000002        99.999999999993278     
  0.17040000000000000        99.999999999993278     
  0.17060000000000000        99.999999999993278     
  0.17080000000000001        99.999999999993278     
  0.17100000000000001        99.999999999993278     
  0.17120000000000002        99.999999999993278     
  0.17140000000000000        99.999999999993278     
  0.17160000000000000        99.999999999993278     
  0.17180000000000001        99.999999999993278     
  0.17200000000000001        99.999999999993278     
  0.17220000000000002        99.999999999993278     
  0.17240000000000000        99.999999999993278     
  0.17260000000000000        99.999999999993278     
  0.17280000000000001        99.999999999993278     
  0.17300000000000001        99.999999999993278     
  0.17320000000000002        99.999999999993278     
  0.17340000000000000        99.999999999993278     
  0.17360000000000000        99.999999999993278     
  0.17380000000000001        99.999999999993278     
  0.17400000000000002        99.999999999993278     
  0.17420000000000002        99.999999999993278     
  0.17440000000000000        99.999999999993278     
  0.17460000000000001        99.999999999993278     
  0.17480000000000001        99.999999999993278     
  0.17500000000000002        99.999999999993278     
  0.17519999999999999        99.999999999993278     
  0.17540000000000000        99.999999999993278     
  0.17560000000000001        99.999999999993278     
  0.17580000000000001        99.999999999993278     
  0.17600000000000002        99.999999999993278     
  0.17620000000000000        99.999999999993278     
  0.17640000000000000        99.999999999993278     
  0.17660000000000001        99.999999999993278     
  0.17680000000000001        99.999999999993278     
  0.17700000000000002        99.999999999993278     
  0.17720000000000000        99.999999999993278     
  0.17740000000000000        99.999999999993278     
  0.17760000000000001        99.999999999993278     
  0.17780000000000001        99.999999999993278     
  0.17800000000000002        99.999999999993278     
  0.17820000000000000        99.999999999993278     
  0.17840000000000000        99.999999999993278     
  0.17860000000000001        99.999999999993278     
  0.17880000000000001        99.999999999993278     
  0.17900000000000002        99.999999999993278     
  0.17920000000000000        99.999999999993278     
  0.17940000000000000        99.999999999993278     
  0.17960000000000001        99.999999999993278     
  0.17980000000000002        99.999999999993278     
  0.18000000000000002        99.999999999993278     
  0.18020000000000000        99.999999999993278     
  0.18040000000000000        99.999999999993278     
  0.18060000000000001        99.999999999993278     
  0.18080000000000002        99.999999999993278     
  0.18100000000000002        99.999999999993278     
  0.18120000000000000        99.999999999993278     
  0.18140000000000001        99.999999999993278     
  0.18160000000000001        99.999999999993278     
  0.18180000000000002        99.999999999993278     
  0.18200000000000000        99.999999999993278     
  0.18220000000000000        99.999999999993278     
  0.18240000000000001        99.999999999993278     
  0.18260000000000001        99.999999999993278     
  0.18280000000000002        99.999999999993278     
  0.18300000000000000        99.999999999993278     
  0.18320000000000000        99.999999999993278     
  0.18340000000000001        99.999999999993278     
  0.18360000000000001        99.999999999993278     
  0.18380000000000002        99.999999999993278     
  0.18400000000000000        99.999999999993278     
  0.18420000000000000        99.999999999993278     
  0.18440000000000001        99.999999999993278     
  0.18460000000000001        99.999999999993278     
  0.18480000000000002        99.999999999993278     
  0.18500000000000000        99.999999999993278     
  0.18520000000000000        99.999999999993278     
  0.18540000000000001        99.999999999993278     
  0.18560000000000001        99.999999999993278     
  0.18580000000000002        99.999999999993278     
  0.18600000000000000        99.999999999993278     
  0.18620000000000000        99.999999999993278     
  0.18640000000000001        99.999999999993278     
  0.18660000000000002        99.999999999993278     
  0.18680000000000002        99.999999999993278     
  0.18700000000000000        99.999999999993278     
  0.18720000000000001        99.999999999993278     
  0.18740000000000001        99.999999999993278     
  0.18760000000000002        99.999999999993278     
  0.18780000000000002        99.999999999993278     
  0.18800000000000000        99.999999999993278     
  0.18820000000000001        99.999999999993278     
  0.18840000000000001        99.999999999993278     
  0.18860000000000002        99.999999999993278     
  0.18880000000000000        99.999999999993278     
  0.18900000000000000        99.999999999993278     
  0.18920000000000001        99.999999999993278     
  0.18940000000000001        99.999999999993278     
  0.18960000000000002        99.999999999993278     
  0.18980000000000000        99.999999999993278     
  0.19000000000000000        99.999999999993278     
  0.19020000000000001        99.999999999993278     
  0.19040000000000001        99.999999999993278     
  0.19060000000000002        99.999999999993278     
  0.19080000000000000        99.999999999993278     
  0.19100000000000000        99.999999999993278     
  0.19120000000000001        99.999999999993278     
  0.19140000000000001        99.999999999993278     
  0.19160000000000002        99.999999999993278     
  0.19180000000000000        99.999999999993278     
  0.19200000000000000        99.999999999993278     
  0.19220000000000001        99.999999999993278     
  0.19240000000000002        99.999999999993278     
  0.19260000000000002        99.999999999993278     
  0.19280000000000000        99.999999999993278     
  0.19300000000000000        99.999999999993278     
  0.19320000000000001        99.999999999993278     
  0.19340000000000002        99.999999999993278     
  0.19360000000000002        99.999999999993278     
  0.19380000000000000        99.999999999993278     
  0.19400000000000001        99.999999999993278     
  0.19420000000000001        99.999999999993278     
  0.19440000000000002        99.999999999993278     
  0.19460000000000002        99.999999999993278     
  0.19480000000000000        99.999999999993278     
  0.19500000000000001        99.999999999993278     
  0.19520000000000001        99.999999999993278     
  0.19540000000000002        99.999999999993278     
  0.19560000000000000        99.999999999993278     
  0.19580000000000000        99.999999999993278     
  0.19600000000000001        99.999999999993278     
  0.19620000000000001        99.999999999993278     
  0.19640000000000002        99.999999999993278     
  0.19660000000000000        99.999999999993278     
  0.19680000000000000        99.999999999993278     
  0.19700000000000001        99.999999999993278     
  0.19720000000000001        99.999999999993278     
  0.19740000000000002        99.999999999993278     
  0.19760000000000000        99.999999999993278     
  0.19780000000000000        99.999999999993278     
  0.19800000000000001        99.999999999993278     
  0.19820000000000002        99.999999999993278     
  0.19840000000000002        99.999999999993278     
  0.19860000000000000        99.999999999993278     
  0.19880000000000000        99.999999999993278     
  0.19900000000000001        99.999999999993278     
  0.19920000000000002        99.999999999993278     
  0.19940000000000002        99.999999999993278     
  0.19960000000000000        99.999999999993278     
  0.19980000000000001        99.999999999993278     
  0.20000000000000001        99.999999999993292     
